8 2 16 16 
2 4 2 0 
4 2 0 0 
8 0 0 0 
108
23
8 2 8 16 
2 4 8 0 
4 2 0 0 
8 0 0 0 
92
8 2 8 16 
2 0 4 8 
0 2 0 2 
0 0 0 8 
88
8 2 8 16 
0 0 4 8 
2 0 0 2 
0 0 0 8 
88
8 2 8 16 
4 8 0 0 
2 0 0 0 
4 0 0 4 
80
8 2 8 16 
0 0 4 8 
0 0 0 2 
0 0 0 4 
80
8 2 8 16 
4 4 2 2 
0 0 0 0 
0 0 4 0 
68
8 2 8 16 
4 4 2 0 
0 0 0 2 
0 0 0 0 
68
8 2 8 16 
2 4 2 0 
2 0 0 0 
0 0 0 0 
64
8 2 8 16 
0 0 2 4 
0 0 0 2 
0 0 0 0 
64
4 2 8 16 
0 0 2 4 
4 0 0 0 
0 0 0 0 
56
4 2 8 16 
0 0 0 4 
0 0 0 0 
0 0 2 0 
56
0 2 8 16 
0 0 0 4 
0 0 0 0 
4 0 0 0 
56
2 0 8 16 
0 0 2 2 
0 0 0 0 
0 0 0 0 
52
0 0 8 16 
0 0 0 2 
0 0 0 0 
0 0 2 0 
52
4 0 4 16 
0 0 0 2 
0 0 0 0 
0 0 0 0 
44
0 0 4 8 
4 0 0 8 
0 0 0 0 
0 0 0 0 
28
0 0 4 8 
0 0 0 4 
0 0 0 4 
0 0 0 0 
20
2 0 2 8 
0 0 0 4 
0 0 0 0 
0 0 0 0 
16
0 0 2 8 
0 0 0 0 
0 0 0 0 
0 0 0 4 
16
0 0 4 4 
0 0 0 0 
0 0 0 0 
0 0 0 4 
8
0 0 2 4 
0 0 0 0 
0 0 2 0 
0 0 0 0 
4
0 0 2 4 
0 0 0 0 
0 0 0 0 
0 0 0 0 
4
2 0 2 0 
0 0 0 0 
0 0 0 0 
0 0 0 0 
0
